100
741241 911302 687480 653885 9857 325624 653906 69271 860982 406372 
420181 411829 609598 425748 253491 344302 978181 801539 764311 753944 
409295 869742 440213 132416 732307 670414 413452 129618 963908 754525 
898047 705149 182178 585526 875385 192034 911149 45643 777657 288482 
452014 197837 700310 577963 139937 470152 922265 118117 271691 686575 
388412 197337 72668 828624 846105 804974 15389 775908 934591 979297 
530432 348989 200797 712610 450866 592533 420995 362014 638175 198651 
166847 90188 912840 867156 668151 52776 337308 106767 687244 125350 
793341 75655 839038 382360 420631 685142 187333 436019 461049 638276 
931667 507833 987264 132463 736794 438130 241348 157788 316495 879522 

