999
61583
84228
37177
23757
34894
26561
42193
29724
58712
94398
49823
77224
41878
49514
89754
74878
3246
49538
99336
36136
16614
333
7724
21567
13397
23546
73229
6319
15399
26734
71913
76981
27314
9089
17089
62207
35649
59282
91930
10712
53679
58104
87935
11909
23970
77688
86786
27215
27226
86121
79702
60191
2805
87426
81757
32553
27323
54985
38871
59074
98071
10783
36054
25384
36223
69495
87590
88224
45128
95871
98935
98806
70327
86870
27066
94296
80909
13851
21510
24486
16323
1212
84676
35480
4989
82784
84384
32311
54121
23255
91384
52191
50389
43790
77574
2964
13284
81515
91187
58411
93737
6473
73568
64063
9694
634
58358
90603
30836
96220
31440
63511
13783
16116
98990
18771
98899
83373
51081
53019
22979
58817
5209
89720
2606
99134
92683
15889
97000
221
90651
90737
23045
64218
54799
32739
81203
29509
39693
12039
42080
71132
75549
72214
87247
90890
7336
2498
90614
74768
55516
13593
33584
77077
19664
36189
92562
12346
68429
89562
28918
59079
96650
51962
23297
51448
84700
4499
97308
24392
32889
55739
11876
8437
27952
99122
15678
35287
1619
6292
10055
73487
36236
43638
66915
55899
96179
59476
68244
64607
65389
97161
23686
62038
49122
63334
29838
50174
84184
43497
90917
17073
99236
2792
41861
43539
18266
57539
78826
36236
63830
5232
9722
65
65221
76636
55963
61399
52464
40558
42358
17852
54070
82395
79890
19543
45728
9727
69716
29911
53223
60633
63335
68810
79776
5196
12349
98041
62734
7526
34277
42915
12757
60350
42979
94329
53338
15293
72080
5801
55850
14437
40004
26271
96831
36245
45813
58910
62323
15529
88820
31898
92513
52155
707
72288
73702
13055
86681
36435
20580
37309
79349
49688
14010
38679
44017
67347
53971
16096
89499
26172
46884
29503
52442
60066
65747
98254
18975
28070
30134
24146
59967
38998
92652
77025
27638
66353
6432
14318
19139
43363
67978
98487
93051
81987
53517
53419
49334
23839
85866
55184
50010
32749
84686
18803
9166
66785
33409
28140
11206
79894
52285
87524
18892
61289
64548
46529
27641
70979
60846
63132
14342
45175
77970
23744
27161
31487
93514
92846
55325
79379
48030
21687
28479
32715
40489
37644
15851
90249
82135
43408
70143
50771
30931
89034
12059
11831
35562
56052
99161
12759
19183
29854
57933
97152
69949
85093
28638
63462
77939
315
42840
42320
22001
87670
91386
78841
41665
7237
69090
23799
66996
39232
74570
97927
28265
2980
26109
80178
75383
25269
92936
94565
71475
67220
8069
41423
68664
53058
4885
62954
53372
64076
5273
91724
68098
96659
70565
9762
20247
56006
49913
87242
95237
24482
1520
39853
43813
27628
20030
19196
69249
29317
30112
57075
12888
38180
98497
97903
7590
19733
60857
77313
83809
82481
69037
51906
95491
55953
78019
15737
11958
27931
19331
7194
68764
20850
63398
12577
64830
99779
48124
50430
45447
78235
7504
58334
32767
22352
72588
40356
42085
33444
17668
42245
32277
3056
94150
27767
59008
72168
59856
70965
16451
79186
94510
85214
16387
74259
14142
97568
74037
62265
64349
19483
40500
71852
94168
73266
10556
66756
29973
52640
16551
63992
11236
65179
67048
5385
9298
26055
93904
69153
13372
26706
64690
24233
11920
81076
98492
26061
94996
88880
88326
59344
24715
45177
47548
18882
34794
58103
1989
81118
27094
34892
45109
38329
16422
12156
60065
25719
54563
70320
94871
67934
97026
59560
92166
25297
56988
7009
51357
68335
95889
56034
27678
20603
17562
91577
55836
52355
66031
57825
49824
9476
9068
94933
47804
25489
7088
24220
51208
61650
10892
62430
45935
24269
38342
54453
49565
11681
61461
17273
80015
57349
73307
24044
77951
7220
15621
33787
75927
81651
7963
25750
91127
33382
20682
55282
75222
44122
95854
42781
22123
6745
5211
68058
31013
59904
38862
80577
71584
322
97849
51598
57671
87507
91993
51973
94727
7613
2111
70653
5616
10073
96402
96742
59806
33436
68375
35028
77557
64228
77808
16031
87324
83018
84088
18336
42921
39301
15264
30856
39623
29465
98805
13645
33323
90798
81969
28049
98410
84080
15053
20377
10504
27807
17118
70310
77594
1845
5337
55150
66072
83144
71180
69748
82514
71620
88083
41786
10920
19699
72642
66894
49163
71446
80538
82485
62243
62507
26886
77005
62938
58290
97381
73441
86096
30851
43750
63689
32695
49086
35190
15118
32230
22722
84865
31095
10693
89300
72880
37964
8998
45521
4858
74512
16967
1747
73348
95561
80605
16585
72565
43542
74875
86298
16983
77322
17148
77084
57363
66194
26170
8904
81311
74751
47977
66176
5845
75021
71827
78724
12985
80824
24245
34194
71687
57563
52292
61386
53123
49249
77971
42040
92790
69197
28337
26124
62870
61836
3208
20232
28029
45729
45488
9339
20479
93464
91866
26323
68485
63692
5046
97821
60867
45642
48366
48905
19556
657
10291
72679
49905
4613
31070
59047
73809
75758
1522
36678
37593
4729
73262
81973
50457
35101
7663
70935
28564
99529
13609
13400
79572
35007
27572
56791
80648
75937
22047
204
76594
32337
89234
42850
36949
36655
1896
27109
12412
3418
80139
66356
24498
69752
64680
91307
4852
72342
78593
49767
88222
92202
79519
67794
43560
7090
40936
24207
83027
62982
40762
75972
11671
46347
35173
64971
83001
53421
92080
11764
73190
88570
78119
97687
58321
59150
5345
63172
31492
83938
12938
19713
92491
8808
3858
36050
15898
44793
76608
15276
24127
17370
7599
35797
80068
42771
767
63069
96191
9198
74832
85732
97767
69303
83419
56087
28452
5115
35610
59943
5404
64900
96008
14246
73707
99865
66647
5956
61010
43255
21231
85136
76976
28829
37284
57043
87952
54402
36463
494
63600
11295
86226
77718
96949
85996
50157
25400
91110
85766
1695
96514
67017
97702
10759
40724
13918
77406
46679
74927
37012
84262
76414
30339
13090
13697
87381
17393
68099
23844
17887
48050
51490
4112
25767
48438
90107
92275
90189
81216
94393
8235
94081
61409
22288
21192
18484
36206
14949
81515
11132
68312
65776
3898
98650
95217
17594
86030
12610
2044
26225
46848
50093
94066
50959
92212
58855
41065
84486
49044
38632
78878
57278
49065
56639
95918
86608
75122
32123
1556
56636
59606
69867
38763
63503
84868
50332
81097
87249
79293
99492
13474
26140
49585
23891
77098
41796
82746
34514
42633
31789
89497
21511
5418
54913
78149
1335

